4294967279,391
4294967279,390
4294967279,389
4294967279,388
4294967278,573
4294967279,387
4294967278,572
4294967279,386
4294967279,385
4294967279,384
4294967279,383
4294967279,382
4294967279,381
4294967279,380
4294967279,379
4294967279,378
4294967279,377
4294967279,376
4294967279,375
4294967279,374
4294967279,373
4294967279,372
4294967279,371
4294967279,370
4294967279,369
4294967279,368
4294967279,367
4294967279,366
4294967279,365
4294967279,364
4294967279,363
4294967279,362
4294967279,361
4294967279,360
4294967279,359
4294967279,358
4294967279,357
4294967279,356
4294967279,355
4294967279,354
4294967279,353
4294967279,352
4294967279,351
4294967279,350
4294967279,349
4294967279,348
4294967279,347
4294967279,346
4294967279,345
4294967279,344
4294967278,571
4294967278,570
22,587
22,586
22,585
22,584
22,583
22,582
22,581
22,580
22,579
22,578
22,577
22,576
22,575
22,574
22,573
22,572
22,571
22,570
22,569
22,568
22,567
22,566
22,565
22,564
22,563
22,562
22,561
22,560
22,559
22,558
22,557
22,556
22,555
22,554
22,553
22,552
22,551
22,550
22,549
22,548
22,547
22,546
22,545
22,544
22,543
4294967278,569
22,542
22,541
22,540
22,539
22,538
22,537
22,536
22,535
22,534
22,533
22,532
22,531
22,530
22,529
22,528
22,527
22,526
22,525
22,524
22,523
22,522
22,521
22,520
22,519
22,518
22,517
4294967278,568
22,516
22,515
22,514
22,513
22,512
22,511
22,510
22,509
22,508
22,507
22,506
22,505
22,504
22,503
22,502
22,501
22,500
22,499
22,498
22,497
22,496
22,495
22,494
22,493
22,492
22,491
22,490
22,489
22,488
22,487
22,486
22,485
22,484
22,483
22,482
22,481
22,480
22,479
22,478
22,477
4294967278,567
22,476
22,475
22,474
22,473
22,472
22,471
22,470
22,469
22,468
22,467
22,466
22,465
22,464
22,463
22,462
22,461
22,460
22,459
22,458
22,457
22,456
22,455
22,454
22,453
22,452
22,451
22,450
22,449
22,447
22,446
22,445
22,444
22,443
22,448
22,442
22,441
22,440
22,439
22,438
22,437
22,436
22,435
22,434
22,433
22,432
22,431
22,430
22,429
22,428
22,427
22,426
22,425
22,424
22,423
4294967278,566
22,422
22,421
22,420
22,419
22,418
22,417
22,416
22,415
22,414
22,413
22,412
22,411
22,410
22,409
22,408
22,407
22,406
22,405
22,404
22,403
22,402
22,401
22,400
22,399
22,398
22,397
22,396
22,395
22,394
22,393
22,392
22,391
22,390
22,389
22,388
22,387
22,386
22,385
22,384
22,383
22,382
22,381
22,380
22,379
22,378
22,377
22,376
22,375
22,374
22,373
22,372
22,371
22,370
22,369
22,368
22,367
22,366
22,365
22,364
22,363
22,362
22,361
22,360
22,359
22,358
22,357
22,356
22,355
22,354
22,353
22,352
22,351
22,350
22,349
22,348
4294967279,343
22,347
22,346
22,345
22,344
22,343
22,342
22,341
22,340
22,339
22,338
22,337
22,336
22,335
22,334
22,333
22,332
22,331
22,330
22,329
4294967279,342
4294967278,565
22,328
22,327
22,326
22,325
22,324
22,323
22,322
22,321
22,320
22,319
22,318
22,317
22,316
22,315
22,314
22,313
22,312
22,311
22,310
22,309
22,308
22,307
22,306
22,305
22,304
22,303
22,302
22,301
22,300
22,299
22,298
22,297
22,296
4294967278,564
22,295
22,294
22,293
22,292
22,291
22,290
22,289
4294967278,563
22,288
22,287
4294967278,562
22,286
22,285
22,284
22,283
22,282
22,281
22,280
22,279
22,278
22,277
22,276
22,275
22,274
22,273
22,272
22,271
22,270
22,269
22,268
22,267
22,266
22,265
4294967278,561
22,264
22,263
22,262
22,261
22,260
22,259
22,258
22,257
22,256
22,255
22,254
22,253
22,252
22,251
22,250
22,249
22,248
22,247
22,246
22,245
22,244
22,243
22,242
22,241
22,240
22,239
22,238
22,237
22,236
22,235
22,234
22,233
22,232
22,231
22,230
22,229
22,228
22,227
22,226
22,225
22,224
22,223
22,222
22,221
22,220
22,219
22,218
22,217
22,216
22,215
22,214
22,213
22,212
22,211
22,210
22,209
22,208
22,207
4294967278,560
22,206
22,205
22,204
22,203
22,202
22,201
22,200
22,199
22,198
22,197
22,196
22,195
22,194
22,193
22,192
22,191
22,190
22,189
22,188
22,187
4294967278,559
22,186
22,185
22,184
22,183
22,182
22,181
22,180
22,179
22,178
22,177
22,176
22,175
22,174
22,173
22,172
22,171
22,170
22,169
22,168
22,167
22,166
22,165
22,164
22,163
22,162
22,161
22,160
22,159
22,158
22,157
22,156
22,155
22,154
22,153
22,152
22,151
22,150
22,149
22,148
22,147
22,146
22,145
22,144
22,143
22,142
22,141
22,140
22,139
22,138
22,137
22,136
22,135
22,134
22,133
22,132
22,131
22,130
22,129
22,128
22,127
22,126
22,125
22,124
22,123
22,122
22,121
22,120
22,119
22,118
22,117
22,116
22,115
22,114
22,113
22,112
22,111
22,110
22,109
22,108
22,107
22,106
22,105
22,104
22,103
22,102
22,101
22,100
22,99
22,98
22,97
22,96
22,95
22,94
22,93
22,92
22,91
22,90
22,89
22,88
22,87
22,86
22,85
22,84
22,83
22,82
22,81
22,80
22,79
22,78
22,77
22,76
22,75
22,74
22,73
22,72
22,71
22,70
22,69
22,68
22,67
22,66
22,65
22,64
22,37
22,36
22,35
22,34
22,33
22,32
22,31
22,30
22,29
22,28
22,27
22,26
22,25
22,24
22,23
22,22
22,21
22,20
22,19
22,18
22,17
22,16
22,15
22,14
22,13
22,12
22,11
22,10
22,9
22,8
22,7
22,6
4294967278,558
14,308
14,307
14,306
14,305
14,304
14,303
14,302
14,301
14,300
14,299
14,298
14,297
14,296
14,295
14,294
14,293
14,292
14,291
14,290
14,289
14,288
14,287
14,286
14,285
14,284
14,283
14,282
4294967278,557
14,281
14,280
14,279
14,278
4294967278,556
14,277
14,276
14,275
4294967278,555
4294967278,554
14,274
14,273
14,272
14,271
14,270
4294967278,553
14,269
14,268
4294967278,552
14,267
14,266
4294967278,551
4294967278,550
14,265
14,264
14,263
14,262
14,261
14,260
14,259
14,258
14,257
14,256
4294967278,549
14,255
14,254
14,253
14,252
14,251
14,250
14,249
14,248
14,247
14,246
14,245
14,244
14,243
14,242
14,241
14,240
14,239
14,238
14,237
14,236
14,235
14,234
14,233
14,232
14,231
14,230
4294967278,548
14,229
14,228
14,227
14,226
14,225
14,224
14,223
14,222
14,221
14,220
14,219
14,218
14,217
14,216
14,215
14,214
14,213
14,212
14,211
4294967278,547
14,210
14,209
14,208
4294967278,546
14,207
14,206
14,205
14,204
14,203
14,202
